0 0 0 0 0 0 0 0 0 0
1 0 0 0 1 0 0 0 0 0
127 127 127 127 127 127 127 127 0 127
-128 -128 -128 -128 127 127 127 127 0 -128
64 -64 32 -32 64 64 -64 -64 0 0
10 20 30 40 -4 3 -2 1 64 1
-85 51 82 -62 17 -20 -58 13 -239 -65
-8 -66 31 27 100 -124 52 -18 -891 60
-84 28 17 87 80 -95 71 79 -604 -15
11 -13 107 53 110 101 -83 -53 -200 -94
27 60 54 -105 -126 -39 23 -49 635 10
-7 95 -105 -76 -43 -87 -100 1 -938 12
-75 -45 38 -69 -24 43 60 67 19 -19
42 -92 121 91 -26 -115 -63 20 -854 22
71 62 112 -71 -53 -116 -8 56 -1019 -128
127 8 9 109 -16 -122 108 -8 -166 -24
89 10 98 -13 -49 -17 -3 123 756 -44
-21 -18 23 33 -43 -89 126 -12 -451 36
61 36 31 32 106 40 -102 31 743 51
-10 96 -67 -27 -83 41 63 5 292 5
-8 29 -17 -49 -46 -89 3 -70 -454 6
124 -110 -9 -11 71 11 -16 -38 776 70
82 -89 -96 97 -125 -70 69 20 429 -65
-61 87 -63 -44 -28 -20 -118 -77 -727 79
80 88 -128 -98 -60 35 -6 47 604 -39
80 -124 127 31 -64 69 47 127 562 -25
